0   1   8
0   2   10
1   2   8
1   49  3
2   3   7
2   1   8
3   4   5
3   2   7
3   5   5
3   10  7
3   11  7
3   12  7
4   3   5
4   10  5
4   6   3
4   7   5
5   3   5
5   12  5
5   8   3
5   9   5
6   4   3
6   10  2
6   7   1
6   13  5
7   10  2
7   4   5
7   6   1
7   13  3
8   5   3
8   12  2
8   9   1
8   14  5
9   8   1
9   14  3
9   12  2
9   5   5
10  3   7
10  4   5
10  6   2
10  7   2
10  13  5
10  15  10
10  11  5
11  10  5
11  3   7
11  12  5
11  15  7
12  3   7
12  5   5
12  8   2
12  9   2
12  14  3
12  11  5
12  15  10
13  7   3
13  6   5
13  10  5
13  15  6
14  12  5
14  9   3
14  8   5
14  15  6
15  10  10
15  11  7
15  12  10
15  13  6
15  14  6
15  16  3
15  17  7
15  18  4
16  15  3
16  17  4
16  19  9
18  15  4
18  17  2
17  15  7
17  16  4
17  18  2
17  19  10
17  20  7
19  16  9
19  17  10
19  20  12
19  69  3
20  19  12
20  17  7
20  21  9
20  22  9
20  23  5
21  20  9
21  23  8
21  24  5
22  20  9
22  23  7
22  25  5
22  26  8
23  20  5
23  21  8
23  22  7
23  24  7
23  25  8
23  26  5
23  27  8
24  21  5
24  23  7
24  26  8
24  27  5
25  22  5
25  23  8
25  26  7
25  29  8
25  28  5
26  28  8
26  25  7
26  22  8
26  23  5
26  24  8
26  27  7
26  30  8
26  29  5
27  23  8
27  21  5
27  26  7
27  30  5
27  29  8
28  25  5
28  26  8
28  29  7
28  31  8
29  28  7
29  25  8
29  26  5
29  27  8
29  31  5
29  33  7
29  30  7
30  29  7
30  26  8
30  27  5
30  31  8
30  33  3
31  28  8
31  29  5
31  30  8
31  33  7
31  32  10
31  35  7
31  34  7
32  31  10
32  34  8
32  35  12
32  78  3
33  29  7
33  30  3
33  31  7
34  32  8
34  35  3
34  31  7
35  32  12
35  31  7
35  34  3
35  36  7
36  37  5
36  38  5
36  35  7
36  45  7
37  36  5
37  39  3
37  40  5
37  44  5
38  36  5
38  41  3
38  42  5
38  46  5
39  37  3
39  40  1
39  48  5
39  44  2
40  39  1
40  48  3
40  37  5
40  44  2
41  38  3
41  42  1
41  43  5
41  46  2
42  41  1
42  43  3
42  38  5
42  46  2
43  42  3
43  41  5
43  46  5
43  47  6
44  37  5
44  39  2
44  40  2
44  48  5
44  45  5
45  44  5
45  46  5
45  47  7
45  36  7
46  45  5
46  43  5
46  38  5
46  42  2
46  41  2
47  48  6
47  43  6
47  45  7
48  39  5
48  40  3
48  47  6
48  44  5
49  1   3
49  50  10
49  51  8
49  95  3
50  49  10
50  51  5
51  49  8
51  50  5
51  52  7
52  51  7
52  62  7
52  53  5
52  54  5
53  52  5
53  55  3
53  56  5
53  61  5
54  52  5
54  57  3
54  63  5
54  58  5
55  53  3
55  56  1
55  59  5
55  61  2
56  55  1
56  53  5
56  59  3
56  61  2
57  54  3
57  58  1
57  63  2
57  60  5
58  57  1
58  63  2
58  60  3
58  54  5
59  55  5
59  56  3
59  61  5
59  64  6
60  58  3
60  57  5
60  63  5
60  64  6
61  53  5
61  55  2
61  56  2
61  59  5
61  62  5
62  61  5
62  63  5
62  52  7
62  64  7
63  62  5
63  54  5
63  60  5
63  57  2
63  58  2
64  59  6
64  60  6
64  62  7
64  68  7
64  65  5
64  66  2
65  64  5
65  68  4
65  69  8
66  67  1
66  60  2
66  64  2
66  68  6
67  66  1
67  68  3
68  64  7
68  65  4
68  66  6
68  67  3
68  69  10
68  70  7
69  19  3
69  65  8
69  68  10
69  70  12
70  68  7
70  69  12
70  71  7
70  72  7
71  70  7
72  70  7
72  73  5
73  72  5
73  74  5
74  73  5
74  75  7
75  74  7
75  76  7
75  77  5
76  75  7
77  75  5
77  78  7
77  80  12
77  81  7
77  79  3
78  32  3
78  77  7
78  80  8
78  81  12
79  77  3
79  81  5
80  78  8
80  77  7
80  81  3
81  80  3
81  78  12
81  77  7
81  79  5
81  82  7
82  81  7
82  83  5
82  84  5
82  92  7
83  82  5
83  85  3
83  86  5
83  91  5
84  82  5
84  87  3
84  88  5
84  93  5
85  83  3
85  86  1
85  89  5
85  91  2
86  85  1
86  89  3 
86  83  5
86  91  2
87  84  3
87  88  1
87  90  5
87  93  2
88  87  1
88  90  3
88  84  5
88  93  2
89  86  3
89  85  5
89  91  5
89  94  6
90  88  3
90  87  5
90  93  5
90  94  6
91  83  5
91  85  2
91  86  2
91  89  5
91  92  5
92  91  5
92  82  7 
92  93  5
92  94  7
93  84  5
93  87  2
93  88  2
93  92  5
93  90  5
94  92  7
94  89  6
94  90  6
95  49  3
95  96  10
95  97  8
96  95  10
96  97  5
97  95  8
97  96  5
97  98  7
98  97  7
98  99  5
98  100 5
98  108 7
99  98  5
99  101 3
99  107 5
99  102 5
100 98  5
100 109 5
100 103 3
100 104 5
101 102 1
101 99  3
101 107 2
101 105 5
102 101 1
102 105 3
102 99  5
102 107 2
103 104 1
103 100 3
103 109 2
103 106 5
104 103 1
104 106 3
104 109 2
104 100 5
105 102 3
105 101 5
105 107 5
105 110 6
105 111 3
106 109 5
106 104 3
106 103 5
106 110 6
106 113 5
107 105 5
107 102 2
107 101 2
107 99  5
107 108 5
108 107 5
108 98  7
108 110 7
108 109 5
109 108 5
109 100 5
109 103 2
109 104 2
109 106 5
110 114 7
110 112 5
110 111 4
110 105 6
110 108 7
110 106 6 
110 113 6
111 105 3
111 110 4
111 112 1
112 111 1
112 115 8
112 114 4
112 110 5
113 106 5
113 114 3
113 110 6
114 110 7
114 113 3 
114 112 4
114 115 10
114 116 7
115 112 8
115 114 10
115 116 12
116 114 7
116 115 12
116 117 7
117 116 7
118 116 7
118 119 5
119 118 5
119 120 5
120 119 5
120 121 7
121 120 7
121 122 7
121 125 12
121 124 6
121 123 5
122 121 7
123 121 5
123 125 10
123 124 3
123 126 7
124 121 6
124 123 3
125 121 12
125 123 10
125 128 9
126 123 7
126 128 4
126 127 3
126 129 7
127 126 3
127 130 2
128 125 9 
128 126 4
128 131 2
129 126 7
129 130 3
129 131 5
130 127 2
130 129 3
131 128 2
131 129 5